159
S001       0.000000  0.093951  0.089832  0.096915  0.092991  0.090692  0.091054  0.092494  0.093725  0.090314  0.085272  0.089119  0.091407  0.082434  0.082614  0.093339  0.064100  0.073343  0.061876  0.082023  0.077303  0.072729  0.070856  0.074511  0.075039  0.076654  0.077267  0.071930  0.093247  0.075415  0.074111  0.076674  0.083492  0.076121  0.074482  0.077000  0.079277  0.072021  0.077903  0.079879  0.079277  0.080360  0.077500  0.073582  0.078916  0.073854  0.076401  0.075287  0.070004  0.073569  0.058634  0.058794  0.073569  0.080360  0.380801  0.074776  0.073948  0.060638  0.059535  0.038564  0.047780  0.087990  0.051481  0.058200  0.075265  0.058200  0.059269  0.092300  0.073451  0.068374  0.093801  0.075881  0.078907  0.085196  0.066437  0.067766  0.056805  0.076691  0.064100  0.089353  0.002475  0.083547  0.072021  0.065069  0.063144  0.094723  0.094397  0.090706  0.091707  0.094055  0.080006  0.053203  0.049800  0.096458  0.093061  0.090995  0.089600  0.086974  0.094886  0.082497  0.083685  0.078658  0.081039  0.087017  0.090750  0.089600  0.081495  0.093726  0.088760  0.079321  0.080444  0.080245  0.092614  0.091149  0.077833  0.071451  0.075100  0.073928  0.072763  0.075100  0.079185  0.077833  0.087017  0.076366  0.077608  0.076427  0.075254  0.076427  0.074090  0.088268  0.092125  0.085878  0.087069  0.084462  0.090692  0.088059  0.079321  0.076500  0.079021  0.084413  0.080305  0.078799  0.076427  0.075254  0.076595  0.076427  0.077768  0.078885  0.076654  0.089950  0.088268  0.084989  0.096035  0.076786  0.051547  0.076160  0.084989  0.171770  0.062859  
S002       0.093951  0.000000  0.013161  0.024467  0.010278  0.033327  0.016171  0.017196  0.022281  0.015182  0.031171  0.014200  0.058615  0.061219  0.061347  0.056982  0.058499  0.065142  0.063355  0.135258  0.059268  0.127138  0.128311  0.073851  0.117262  0.068194  0.056686  0.128999  0.057531  0.109327  0.111085  0.113362  0.060285  0.060340  0.061820  0.059416  0.066040  0.053093  0.062496  0.057366  0.063797  0.055542  0.052143  0.050744  0.053401  0.062575  0.053622  0.117426  0.047431  0.125917  0.103609  0.106377  0.128620  0.059891  0.398066  0.071583  0.070550  0.057505  0.056408  0.091689  0.101128  0.079188  0.090437  0.059800  0.117286  0.057505  0.058569  0.084190  0.118452  0.131141  0.022045  0.086837  0.120515  0.030899  0.112902  0.127770  0.111665  0.118965  0.060943  0.087353  0.092494  0.051321  0.055432  0.124420  0.128060  0.090203  0.092476  0.088684  0.089814  0.082962  0.071471  0.100409  0.105677  0.093678  0.087796  0.087189  0.075253  0.075386  0.090977  0.078763  0.077558  0.075055  0.077488  0.075464  0.076361  0.075253  0.075550  0.084583  0.084928  0.075686  0.074148  0.074039  0.088770  0.087353  0.071758  0.066839  0.070464  0.069283  0.068110  0.070464  0.073039  0.071758  0.080532  0.071663  0.070567  0.072762  0.068012  0.071749  0.069394  0.077027  0.078075  0.084928  0.080943  0.075686  0.076749  0.081979  0.075686  0.069125  0.072964  0.075610  0.077027  0.075346  0.072939  0.071749  0.073047  0.072939  0.074504  0.075610  0.073137  0.080943  0.079416  0.076644  0.081841  0.068230  0.084321  0.075845  0.079283  0.183685  0.059715  
S003       0.089832  0.013161  0.000000  0.020228  0.010208  0.028763  0.012167  0.013154  0.018162  0.009220  0.026652  0.008251  0.052317  0.056467  0.056584  0.050749  0.056105  0.060309  0.058588  0.130638  0.054526  0.125774  0.123802  0.071471  0.118629  0.065672  0.054191  0.124474  0.048254  0.104784  0.109418  0.111724  0.057722  0.057792  0.059209  0.056833  0.063450  0.050649  0.059934  0.050326  0.061208  0.053034  0.049667  0.048319  0.050899  0.057792  0.046505  0.115758  0.042904  0.121375  0.101956  0.102135  0.124057  0.055117  0.388429  0.069193  0.065678  0.055092  0.054014  0.087689  0.098402  0.076542  0.086446  0.055092  0.115601  0.052829  0.053883  0.084190  0.114088  0.126584  0.016018  0.082963  0.116073  0.024464  0.108710  0.123193  0.107358  0.117262  0.058499  0.084567  0.088408  0.046784  0.050774  0.119917  0.123455  0.087353  0.089658  0.085882  0.087028  0.082962  0.068929  0.093637  0.101599  0.090792  0.085032  0.084411  0.075253  0.075386  0.088136  0.076160  0.074954  0.072513  0.074946  0.075464  0.076361  0.075253  0.072939  0.081812  0.082142  0.073047  0.071559  0.071477  0.085952  0.084567  0.069236  0.064337  0.067936  0.066754  0.065581  0.067936  0.070491  0.069236  0.077858  0.069101  0.068012  0.070193  0.068012  0.069193  0.066839  0.074359  0.078075  0.082142  0.078217  0.073047  0.076749  0.079283  0.073047  0.066583  0.070442  0.072965  0.074359  0.072791  0.070384  0.069193  0.070464  0.070384  0.071866  0.072965  0.070561  0.078217  0.076749  0.074062  0.081841  0.065674  0.079188  0.073178  0.074237  0.181977  0.057296  
S004       0.096915  0.024467  0.020228  0.000000  0.021395  0.027765  0.019226  0.020270  0.011241  0.020228  0.025660  0.019226  0.047862  0.060084  0.060209  0.046314  0.060026  0.064027  0.062363  0.143352  0.058164  0.138457  0.136179  0.075543  0.132689  0.067282  0.055588  0.135263  0.056216  0.121290  0.123163  0.125429  0.059191  0.059235  0.060728  0.058331  0.064915  0.052003  0.061386  0.053817  0.062688  0.054464  0.051074  0.049667  0.052332  0.061454  0.052549  0.129659  0.046358  0.133911  0.117986  0.115099  0.136635  0.056185  0.389467  0.073178  0.071944  0.056586  0.055462  0.100311  0.111000  0.078314  0.096120  0.058833  0.126276  0.056586  0.057651  0.086060  0.130657  0.139110  0.027241  0.095107  0.134366  0.025458  0.121823  0.135820  0.117892  0.131311  0.060026  0.083729  0.095425  0.050204  0.054334  0.132323  0.136182  0.086579  0.088770  0.085045  0.086136  0.084859  0.069256  0.106124  0.114348  0.090050  0.084192  0.083570  0.077085  0.077303  0.087360  0.080218  0.079021  0.076448  0.078864  0.077347  0.078201  0.077085  0.074672  0.083859  0.081358  0.074863  0.073269  0.073105  0.085146  0.086579  0.073401  0.068230  0.071866  0.070693  0.069528  0.071866  0.074738  0.073401  0.079688  0.073105  0.072005  0.074209  0.072005  0.073178  0.070840  0.076233  0.079957  0.084207  0.080185  0.074863  0.078571  0.081138  0.074863  0.068265  0.074581  0.072111  0.076233  0.074359  0.072005  0.070840  0.072167  0.072005  0.073707  0.069819  0.074919  0.080185  0.078571  0.078075  0.083729  0.067397  0.088313  0.077398  0.083527  0.198024  0.058772  
S005       0.092991  0.010278  0.010208  0.021395  0.000000  0.030179  0.013185  0.014200  0.019226  0.010208  0.028047  0.011241  0.053907  0.057705  0.057825  0.052317  0.055013  0.061607  0.062264  0.130858  0.055790  0.122831  0.123979  0.075386  0.116080  0.064593  0.053244  0.124703  0.051649  0.105230  0.106954  0.109207  0.056817  0.056856  0.058331  0.055956  0.062496  0.049692  0.058997  0.051508  0.060285  0.052132  0.048768  0.047379  0.050012  0.059059  0.045292  0.113224  0.044092  0.121644  0.105099  0.105339  0.124305  0.056426  0.390703  0.073047  0.069354  0.054029  0.052937  0.087813  0.101201  0.075464  0.089359  0.058730  0.113095  0.054029  0.055087  0.083102  0.114243  0.126781  0.019029  0.085717  0.119568  0.027778  0.108782  0.123455  0.107563  0.114745  0.057432  0.083527  0.091517  0.047933  0.049559  0.120155  0.123747  0.086345  0.088579  0.084840  0.085952  0.081892  0.067847  0.096420  0.104463  0.089799  0.083995  0.083371  0.074209  0.074374  0.087128  0.075052  0.073864  0.071379  0.073777  0.074435  0.075316  0.074209  0.071866  0.080809  0.081138  0.072005  0.070488  0.070375  0.084928  0.083527  0.068106  0.065789  0.066839  0.065674  0.064518  0.066839  0.069373  0.068106  0.076794  0.068033  0.065674  0.069125  0.066945  0.068110  0.065789  0.073331  0.077027  0.081138  0.077201  0.072005  0.075686  0.078217  0.072005  0.065535  0.069294  0.071939  0.073331  0.071655  0.069283  0.068110  0.069394  0.069283  0.070840  0.071939  0.069475  0.077201  0.075686  0.072939  0.080771  0.064642  0.080532  0.072167  0.075550  0.187164  0.056216  
S006       0.090692  0.033327  0.028763  0.027765  0.030179  0.000000  0.025550  0.026652  0.027651  0.031023  0.011241  0.030024  0.050755  0.059842  0.059966  0.049176  0.057307  0.064226  0.059637  0.146242  0.057925  0.135171  0.132869  0.072615  0.122581  0.067013  0.057903  0.136420  0.056302  0.111540  0.113301  0.115601  0.061566  0.056817  0.059404  0.057026  0.063551  0.052132  0.060053  0.052801  0.058772  0.056805  0.053391  0.051942  0.054669  0.061586  0.049829  0.119679  0.048598  0.130037  0.111346  0.111561  0.132750  0.058572  0.398534  0.070293  0.071655  0.053908  0.052809  0.091338  0.104860  0.078005  0.092885  0.056147  0.119528  0.053908  0.054968  0.091462  0.120728  0.136900  0.034878  0.094766  0.125587  0.011173  0.119858  0.132565  0.111239  0.121208  0.057307  0.089119  0.089276  0.052649  0.056629  0.131796  0.135625  0.089119  0.094204  0.090466  0.091517  0.090266  0.070295  0.097287  0.108140  0.096021  0.089562  0.087772  0.079542  0.079787  0.092050  0.080245  0.079069  0.076427  0.078799  0.079818  0.080667  0.079542  0.077085  0.083524  0.086756  0.074562  0.075672  0.075483  0.090593  0.089119  0.070488  0.068265  0.071880  0.070728  0.069585  0.071880  0.071790  0.070488  0.082151  0.070506  0.069409  0.074274  0.072062  0.070561  0.068265  0.078696  0.082434  0.083859  0.079856  0.077303  0.081025  0.080809  0.077303  0.076099  0.071663  0.077267  0.078696  0.076720  0.074374  0.073214  0.074562  0.074374  0.076151  0.074518  0.071939  0.082690  0.081025  0.080449  0.086222  0.075265  0.087689  0.077085  0.080449  0.191746  0.056085  
S007       0.091054  0.016171  0.012167  0.019226  0.013185  0.025550  0.000000  0.004382  0.017153  0.014150  0.023467  0.013161  0.049138  0.055157  0.055270  0.047632  0.054959  0.061416  0.057360  0.136664  0.055622  0.131749  0.129708  0.070115  0.120007  0.064501  0.053093  0.130366  0.051476  0.109010  0.110757  0.113078  0.056629  0.054191  0.058117  0.055749  0.060098  0.049559  0.056629  0.049113  0.055368  0.051955  0.048598  0.047242  0.049829  0.058905  0.047570  0.117126  0.043969  0.124057  0.105848  0.105998  0.126781  0.056185  0.398066  0.067882  0.066891  0.051593  0.050531  0.088940  0.099724  0.075341  0.090437  0.053872  0.116961  0.051593  0.052643  0.082962  0.118179  0.129373  0.019009  0.084198  0.119950  0.023302  0.110061  0.129132  0.108658  0.118629  0.054959  0.083350  0.089629  0.045628  0.051864  0.125774  0.129412  0.086136  0.088413  0.084660  0.085793  0.081742  0.067751  0.094942  0.102914  0.089574  0.083822  0.083195  0.074067  0.074209  0.086921  0.074954  0.073758  0.071309  0.073725  0.074280  0.075173  0.074067  0.071749  0.080617  0.080943  0.071866  0.070375  0.070284  0.084735  0.083350  0.068039  0.063172  0.066754  0.065581  0.064417  0.066754  0.069294  0.068039  0.076657  0.067926  0.066839  0.069016  0.066839  0.068012  0.065674  0.073178  0.076876  0.080943  0.077027  0.071866  0.075550  0.078075  0.071866  0.067964  0.069236  0.071790  0.073178  0.071583  0.069193  0.068012  0.069283  0.069193  0.070693  0.069200  0.069373  0.077027  0.075550  0.075279  0.080624  0.067074  0.082845  0.074359  0.077861  0.187333  0.053780  
S008       0.092494  0.017196  0.013154  0.020270  0.014200  0.026652  0.004382  0.000000  0.018168  0.015156  0.024558  0.014167  0.049202  0.056369  0.056485  0.047675  0.056150  0.062715  0.058548  0.135506  0.056886  0.130656  0.128514  0.071379  0.121528  0.065755  0.054334  0.129256  0.052643  0.110484  0.112245  0.114560  0.057903  0.055432  0.059416  0.057033  0.059191  0.050774  0.057903  0.050271  0.056629  0.053203  0.049829  0.048448  0.051074  0.060173  0.048795  0.118629  0.045157  0.122969  0.104700  0.104886  0.125651  0.057493  0.400855  0.069126  0.068103  0.052769  0.051697  0.087813  0.098445  0.076657  0.091834  0.055048  0.118468  0.052769  0.053822  0.084321  0.119676  0.128159  0.020022  0.085510  0.118926  0.024375  0.108782  0.128060  0.110152  0.120150  0.056150  0.084735  0.091054  0.046755  0.053093  0.124684  0.128381  0.087553  0.089814  0.086053  0.087178  0.083102  0.069016  0.093687  0.101668  0.091008  0.085196  0.084577  0.075386  0.075543  0.088334  0.076249  0.075052  0.072573  0.074989  0.075610  0.076496  0.075386  0.073047  0.081995  0.082328  0.073178  0.071663  0.071559  0.086136  0.084735  0.069294  0.064417  0.068012  0.066839  0.065674  0.068012  0.070561  0.069294  0.077987  0.069200  0.068110  0.070293  0.068110  0.069283  0.066945  0.074504  0.078217  0.082328  0.078382  0.073178  0.076876  0.079416  0.073178  0.069256  0.070491  0.073105  0.074504  0.072854  0.070464  0.069283  0.070567  0.070464  0.072005  0.070488  0.070654  0.078382  0.076876  0.076563  0.081979  0.068372  0.084190  0.075686  0.079173  0.185454  0.054959  
S009       0.093725  0.022281  0.018162  0.011241  0.019226  0.027651  0.017153  0.018168  0.000000  0.018162  0.025550  0.017153  0.046224  0.055092  0.055205  0.044717  0.057432  0.058719  0.059800  0.143066  0.053011  0.138136  0.135941  0.072762  0.129181  0.064593  0.050543  0.136641  0.053780  0.117890  0.119722  0.122026  0.053979  0.054068  0.055396  0.053060  0.059667  0.047076  0.056190  0.051395  0.057425  0.049367  0.046048  0.044773  0.047242  0.056302  0.047431  0.126198  0.043867  0.133576  0.114620  0.111777  0.136321  0.053416  0.394963  0.070464  0.066956  0.054029  0.052937  0.097188  0.107987  0.078139  0.093086  0.056292  0.122907  0.054029  0.055087  0.085865  0.127226  0.138849  0.025098  0.092148  0.130627  0.025375  0.118648  0.135490  0.114504  0.127792  0.057432  0.083527  0.092284  0.047872  0.051746  0.132020  0.135820  0.086345  0.088579  0.084840  0.085952  0.084655  0.067847  0.103129  0.111265  0.092717  0.086789  0.086180  0.076891  0.077085  0.090001  0.080086  0.078881  0.076346  0.078780  0.077139  0.078005  0.076891  0.074504  0.083611  0.083956  0.074672  0.073105  0.072965  0.085388  0.083956  0.070654  0.068110  0.071749  0.070567  0.069394  0.071749  0.071949  0.070654  0.079498  0.072965  0.071866  0.071471  0.071866  0.073047  0.070693  0.076028  0.079753  0.083956  0.079957  0.074672  0.078382  0.080943  0.074672  0.068104  0.071842  0.074613  0.076028  0.074237  0.071866  0.070693  0.072005  0.071866  0.073508  0.071939  0.072078  0.079957  0.078382  0.075346  0.083527  0.067224  0.082753  0.074504  0.080624  0.187240  0.056216  
S010       0.090314  0.015182  0.009220  0.020228  0.010208  0.031023  0.014150  0.015156  0.018162  0.000000  0.028889  0.008251  0.053907  0.058956  0.059079  0.052317  0.053822  0.062919  0.058730  0.127882  0.057068  0.123077  0.121062  0.074067  0.110234  0.060869  0.054498  0.121793  0.050649  0.099571  0.101242  0.103498  0.058105  0.058137  0.059643  0.057255  0.063797  0.050920  0.060285  0.050495  0.061586  0.053393  0.050012  0.048598  0.051270  0.060340  0.044395  0.107439  0.045292  0.118735  0.107471  0.104700  0.121375  0.059891  0.393962  0.071749  0.068116  0.052829  0.051746  0.090437  0.101128  0.071559  0.089195  0.057505  0.104407  0.052829  0.053883  0.079068  0.108470  0.123838  0.020010  0.088081  0.121808  0.028657  0.111423  0.120522  0.104419  0.108909  0.056216  0.081841  0.088857  0.049094  0.050774  0.117262  0.120805  0.084567  0.086902  0.083141  0.084302  0.077858  0.064094  0.096341  0.104363  0.087971  0.082328  0.081692  0.072657  0.072762  0.085357  0.071209  0.070021  0.067626  0.070024  0.072847  0.073758  0.072657  0.068012  0.079101  0.079416  0.068110  0.066665  0.066592  0.083196  0.081841  0.066851  0.062016  0.063105  0.061941  0.060785  0.063105  0.068106  0.066851  0.075240  0.064250  0.063172  0.065332  0.063172  0.064337  0.062016  0.071749  0.075436  0.079416  0.075550  0.070464  0.074138  0.076644  0.068110  0.060638  0.068039  0.068033  0.069394  0.067882  0.065510  0.064337  0.065581  0.065510  0.066945  0.068033  0.068194  0.075550  0.074138  0.069126  0.079173  0.060868  0.079188  0.068230  0.074237  0.192492  0.055013  
S011       0.085272  0.031171  0.026652  0.025660  0.028047  0.011241  0.023467  0.024558  0.025550  0.028889  0.000000  0.027897  0.047512  0.052623  0.052730  0.045995  0.050204  0.056610  0.054878  0.136935  0.053060  0.128791  0.126646  0.065095  0.122756  0.059566  0.053034  0.127440  0.051571  0.111715  0.113482  0.115761  0.054077  0.049498  0.051942  0.049638  0.056106  0.044957  0.052690  0.048119  0.051474  0.049465  0.046142  0.044812  0.047355  0.054120  0.042735  0.119847  0.041565  0.121178  0.108545  0.108752  0.123829  0.053603  0.400855  0.062868  0.066691  0.049219  0.046984  0.091480  0.102149  0.067903  0.095958  0.051441  0.119708  0.049219  0.050267  0.080373  0.120882  0.127882  0.032742  0.092127  0.122681  0.009213  0.114053  0.126214  0.105485  0.121394  0.050204  0.078463  0.083902  0.047993  0.049367  0.122871  0.126541  0.081265  0.083388  0.079755  0.080809  0.079185  0.062791  0.097354  0.105418  0.085050  0.078985  0.077166  0.071987  0.069515  0.081231  0.072418  0.071252  0.068762  0.071116  0.069546  0.073094  0.071987  0.066960  0.075853  0.076151  0.064534  0.068223  0.068052  0.079856  0.078463  0.063016  0.060741  0.064271  0.063127  0.061992  0.064271  0.064250  0.063016  0.071829  0.065476  0.064391  0.066564  0.064391  0.065535  0.063256  0.068449  0.072062  0.073410  0.069585  0.067130  0.070728  0.070561  0.067130  0.068189  0.064182  0.067094  0.068449  0.066687  0.064391  0.063256  0.064534  0.064391  0.066003  0.064491  0.064340  0.072267  0.070728  0.070293  0.075722  0.067322  0.087813  0.069256  0.070293  0.184698  0.049042  
S012       0.089119  0.014200  0.008251  0.019226  0.011241  0.030024  0.013161  0.014167  0.017153  0.008251  0.027897  0.000000  0.052456  0.057837  0.057957  0.050867  0.057354  0.061820  0.057595  0.129746  0.055980  0.121744  0.122831  0.072890  0.117619  0.064501  0.055588  0.123636  0.051746  0.106721  0.108460  0.110706  0.059191  0.059235  0.060728  0.058331  0.064915  0.052003  0.061386  0.053817  0.062688  0.054464  0.051074  0.049667  0.052332  0.059235  0.050033  0.114745  0.044234  0.120637  0.103609  0.100867  0.123257  0.056689  0.393962  0.070567  0.066913  0.056369  0.055270  0.089195  0.099815  0.075341  0.087962  0.056369  0.111587  0.054123  0.055181  0.082962  0.113103  0.125651  0.017029  0.084376  0.117960  0.025676  0.110211  0.122427  0.106068  0.116283  0.059798  0.083350  0.087662  0.047993  0.052162  0.119109  0.122759  0.086136  0.088413  0.084660  0.085793  0.081742  0.067751  0.095046  0.103058  0.089574  0.083822  0.083195  0.074067  0.074209  0.086921  0.074954  0.073758  0.071309  0.073725  0.074280  0.075173  0.074067  0.071749  0.080617  0.080943  0.071866  0.070375  0.070284  0.084735  0.083350  0.070561  0.063172  0.066754  0.065581  0.064417  0.066754  0.071842  0.070561  0.076657  0.067926  0.066839  0.069016  0.066839  0.068012  0.065674  0.073178  0.076876  0.080943  0.077027  0.071866  0.075550  0.078075  0.071866  0.064271  0.071758  0.071790  0.073178  0.071583  0.069193  0.068012  0.069283  0.069193  0.070693  0.071790  0.071949  0.077027  0.075550  0.072854  0.080624  0.064518  0.080690  0.072005  0.078075  0.180223  0.058569  
S013       0.091407  0.058615  0.052317  0.047862  0.053907  0.050755  0.049138  0.049202  0.046224  0.053907  0.047512  0.052456  0.000000  0.002772  0.002775  0.002772  0.066340  0.040352  0.061950  0.152257  0.029029  0.142742  0.138763  0.082056  0.127586  0.074352  0.046314  0.134304  0.049041  0.130481  0.127927  0.129788  0.038769  0.035940  0.038901  0.039005  0.046081  0.037513  0.043147  0.054978  0.041650  0.033210  0.030411  0.028995  0.030411  0.040302  0.027682  0.129788  0.024940  0.134447  0.120045  0.120560  0.137781  0.036290  0.402746  0.077357  0.075698  0.061749  0.060257  0.093274  0.107852  0.085548  0.108209  0.060093  0.129669  0.060271  0.061679  0.094322  0.126960  0.134675  0.052400  0.117757  0.129305  0.046081  0.113117  0.139377  0.110876  0.132026  0.066340  0.090258  0.089503  0.044376  0.033210  0.136106  0.141911  0.094196  0.096973  0.092032  0.090258  0.094604  0.078715  0.103106  0.109275  0.096516  0.088596  0.087794  0.088222  0.084777  0.092845  0.083532  0.083532  0.080279  0.083453  0.084822  0.089724  0.088222  0.079354  0.091710  0.086776  0.080910  0.082381  0.080586  0.090258  0.090258  0.076110  0.074062  0.075801  0.075801  0.075801  0.074259  0.076110  0.076110  0.084491  0.077255  0.082280  0.075709  0.079121  0.078929  0.075801  0.084568  0.086436  0.084880  0.084880  0.081469  0.084568  0.084297  0.081169  0.079210  0.077663  0.080821  0.086436  0.082280  0.079121  0.077564  0.079354  0.079121  0.081169  0.075709  0.077893  0.086776  0.084568  0.084069  0.089905  0.078100  0.091763  0.082482  0.089329  0.189715  0.064655  
S014       0.082434  0.061219  0.056467  0.060084  0.057705  0.059842  0.055157  0.056369  0.055092  0.058956  0.052623  0.057837  0.002772  0.000000  0.000000  0.000000  0.058569  0.034834  0.056369  0.135018  0.027435  0.130427  0.127750  0.073948  0.121296  0.065755  0.035931  0.125422  0.057432  0.113470  0.114660  0.117461  0.034710  0.030538  0.033786  0.033732  0.037938  0.030585  0.034710  0.057474  0.033626  0.030448  0.027343  0.024220  0.028402  0.032683  0.022281  0.121613  0.021236  0.126111  0.108710  0.109040  0.128633  0.029604  0.400855  0.071655  0.068103  0.055157  0.054067  0.086172  0.099233  0.079331  0.097153  0.055157  0.121532  0.055157  0.056216  0.087085  0.119957  0.124705  0.064107  0.104488  0.124115  0.054968  0.109771  0.127901  0.098530  0.123265  0.058569  0.085146  0.081025  0.049042  0.028469  0.124368  0.128429  0.090435  0.090203  0.086469  0.085146  0.088691  0.069016  0.097427  0.101381  0.090050  0.084192  0.083570  0.080809  0.078254  0.087360  0.078881  0.080086  0.075142  0.077558  0.078314  0.081933  0.080809  0.073331  0.084797  0.082774  0.075845  0.079331  0.076794  0.086579  0.085146  0.069475  0.066945  0.070567  0.069394  0.068230  0.068230  0.070770  0.069475  0.078314  0.071790  0.073047  0.069125  0.070693  0.071866  0.069528  0.079572  0.080943  0.079957  0.081138  0.075845  0.079572  0.079416  0.073508  0.071880  0.070654  0.075780  0.077201  0.078075  0.075686  0.074504  0.075845  0.075686  0.074672  0.070488  0.068304  0.081138  0.079572  0.080624  0.084735  0.071011  0.085340  0.075686  0.080624  0.181950  0.057354  
S015       0.082614  0.061347  0.056584  0.060209  0.057825  0.059966  0.055270  0.056485  0.055205  0.059079  0.052730  0.057957  0.002775  0.000000  0.000000  0.000000  0.058690  0.034901  0.056485  0.135342  0.027487  0.130741  0.128053  0.072810  0.121579  0.065893  0.036001  0.125718  0.057550  0.113733  0.114926  0.117734  0.034777  0.030596  0.033851  0.033797  0.038012  0.030644  0.034777  0.057593  0.033691  0.030506  0.027394  0.024265  0.028456  0.032746  0.022322  0.121898  0.021275  0.126413  0.108959  0.109291  0.128941  0.029661  0.397579  0.070532  0.067031  0.055270  0.054178  0.086361  0.099453  0.079502  0.097372  0.055270  0.121816  0.055270  0.056331  0.087275  0.120237  0.124999  0.064240  0.104722  0.122751  0.055080  0.110019  0.128209  0.098750  0.123555  0.058690  0.085333  0.081201  0.049141  0.027453  0.124664  0.128740  0.090636  0.090403  0.086660  0.085333  0.088887  0.069161  0.097645  0.100426  0.090249  0.084375  0.083753  0.080984  0.078423  0.087552  0.079050  0.080258  0.075302  0.077724  0.078483  0.080984  0.080984  0.073488  0.084983  0.082956  0.076008  0.079502  0.076959  0.086770  0.085333  0.069622  0.067086  0.070717  0.069541  0.068374  0.068374  0.070920  0.069622  0.078483  0.071942  0.073203  0.069270  0.070843  0.072018  0.069675  0.079745  0.081119  0.080131  0.081315  0.076008  0.079745  0.079587  0.073665  0.072033  0.070804  0.075943  0.077367  0.078243  0.075848  0.074664  0.076008  0.075848  0.074832  0.070637  0.068448  0.081315  0.079745  0.080798  0.084921  0.071162  0.085528  0.075848  0.080798  0.180697  0.057471  
S016       0.093339  0.056982  0.050749  0.046314  0.052317  0.049176  0.047632  0.047675  0.044717  0.052317  0.045995  0.050867  0.002772  0.000000  0.000000  0.000000  0.064655  0.038855  0.060271  0.149766  0.027670  0.140241  0.136384  0.083858  0.129788  0.072619  0.044787  0.132029  0.050573  0.132760  0.130125  0.132026  0.037310  0.034524  0.040393  0.037513  0.044565  0.036040  0.041650  0.056557  0.040173  0.031775  0.028995  0.027596  0.028995  0.038829  0.026288  0.132026  0.023563  0.132029  0.117895  0.118375  0.135362  0.034803  0.399062  0.079121  0.074042  0.060093  0.058618  0.091335  0.105853  0.083752  0.106116  0.058459  0.131916  0.058615  0.060017  0.092447  0.129248  0.132335  0.050805  0.115743  0.127049  0.044565  0.111080  0.136886  0.108799  0.134300  0.064655  0.088333  0.091407  0.045858  0.031775  0.133687  0.139377  0.092212  0.095019  0.090093  0.088333  0.092700  0.076964  0.101123  0.107253  0.094566  0.086748  0.085932  0.086311  0.082894  0.090927  0.081749  0.081749  0.078528  0.081702  0.082946  0.087807  0.086311  0.077564  0.089771  0.084880  0.079121  0.080586  0.078815  0.088333  0.088333  0.074352  0.072347  0.074062  0.074062  0.074062  0.072520  0.074352  0.074352  0.082643  0.075510  0.080516  0.073964  0.077357  0.077190  0.074062  0.082726  0.084568  0.083011  0.083011  0.079627  0.082726  0.082482  0.079354  0.077408  0.075905  0.079025  0.084568  0.080516  0.077357  0.075801  0.077564  0.077357  0.079354  0.073964  0.076110  0.084880  0.082726  0.082280  0.088008  0.076285  0.089831  0.080693  0.087487  0.192144  0.062993  
S017       0.064100  0.058499  0.056105  0.060026  0.055013  0.057307  0.054959  0.056150  0.057432  0.053822  0.050204  0.057354  0.066340  0.058569  0.058690  0.064655  0.000000  0.064584  0.019213  0.106918  0.056302  0.102378  0.100403  0.035734  0.096404  0.011241  0.047536  0.098402  0.066754  0.088958  0.090258  0.092727  0.064271  0.057366  0.060915  0.060801  0.063020  0.055127  0.061782  0.059387  0.060556  0.059503  0.056085  0.052561  0.057307  0.059842  0.048112  0.096545  0.049279  0.092527  0.085807  0.085936  0.097858  0.063655  0.389432  0.033653  0.032683  0.006311  0.004383  0.070153  0.080273  0.024558  0.074274  0.016202  0.096444  0.012151  0.013121  0.032924  0.094769  0.097255  0.062434  0.087157  0.108412  0.057150  0.093039  0.096993  0.086018  0.097969  0.003435  0.037533  0.062859  0.055812  0.051508  0.094019  0.094310  0.039903  0.041827  0.038636  0.039602  0.034187  0.014156  0.078284  0.083466  0.039643  0.033952  0.033108  0.029772  0.028657  0.036379  0.023181  0.024190  0.020113  0.022134  0.027651  0.030784  0.029772  0.017239  0.031037  0.031155  0.020512  0.020257  0.018222  0.034324  0.033169  0.014167  0.014198  0.015141  0.014157  0.013180  0.015141  0.016207  0.015182  0.027651  0.018222  0.017149  0.018120  0.015175  0.016159  0.014198  0.026648  0.029772  0.031155  0.025651  0.025548  0.028662  0.028761  0.019434  0.016376  0.015156  0.021622  0.018367  0.017149  0.015175  0.014198  0.015225  0.015175  0.016339  0.017320  0.013185  0.027882  0.026648  0.020177  0.032935  0.015474  0.064171  0.019344  0.020177  0.169884  0.002475  
S018       0.073343  0.065142  0.060309  0.064027  0.061607  0.064226  0.061416  0.062715  0.058719  0.062919  0.056610  0.061820  0.040352  0.034834  0.034901  0.038855  0.064584  0.000000  0.062113  0.122629  0.034834  0.124669  0.122203  0.075254  0.127413  0.071939  0.037045  0.119962  0.061208  0.121248  0.119746  0.126984  0.025309  0.011201  0.026309  0.028400  0.032501  0.015292  0.029354  0.054095  0.030432  0.029479  0.026376  0.023234  0.027462  0.009213  0.032028  0.127806  0.022308  0.117952  0.105802  0.106147  0.120427  0.031037  0.386178  0.072890  0.069283  0.061100  0.059966  0.089337  0.099332  0.085931  0.094366  0.058598  0.127750  0.058598  0.058542  0.093883  0.119480  0.119224  0.064391  0.110101  0.127895  0.059175  0.112436  0.114645  0.101150  0.129530  0.064584  0.089720  0.071987  0.050170  0.027396  0.115474  0.115060  0.095117  0.094786  0.091074  0.092084  0.095641  0.075254  0.094614  0.101573  0.099905  0.092501  0.091912  0.087578  0.084957  0.095887  0.083008  0.084192  0.079123  0.081495  0.084992  0.088723  0.087578  0.079856  0.091707  0.089720  0.079632  0.083564  0.083330  0.093591  0.092084  0.075780  0.073214  0.076891  0.075722  0.074562  0.076891  0.077139  0.075780  0.084992  0.078201  0.077085  0.077768  0.077085  0.078254  0.075925  0.083859  0.087662  0.086756  0.087933  0.082434  0.086222  0.085992  0.077303  0.075630  0.076955  0.082393  0.081025  0.084583  0.082202  0.081025  0.079632  0.082202  0.078463  0.076835  0.077347  0.087933  0.086222  0.085605  0.089119  0.074773  0.088804  0.079431  0.085605  0.183169  0.063310  
S019       0.061876  0.063355  0.058588  0.062363  0.062264  0.059637  0.057360  0.058548  0.059800  0.058730  0.054878  0.057595  0.061950  0.056369  0.056485  0.060271  0.019213  0.062113  0.000000  0.107518  0.056369  0.103024  0.100936  0.039049  0.099350  0.029772  0.051864  0.098934  0.066851  0.094339  0.095686  0.098188  0.066665  0.057296  0.063261  0.063172  0.065417  0.057432  0.064182  0.061840  0.062960  0.061857  0.058418  0.054878  0.059637  0.057432  0.055157  0.099511  0.049346  0.093061  0.085906  0.086024  0.098428  0.063704  0.387924  0.036950  0.035981  0.016207  0.015209  0.070219  0.080380  0.044216  0.079372  0.016207  0.099410  0.014167  0.015141  0.053203  0.095135  0.100626  0.064946  0.088443  0.108490  0.057211  0.098421  0.097586  0.091708  0.100964  0.019213  0.058331  0.060638  0.055894  0.053965  0.094568  0.094886  0.060970  0.062919  0.059531  0.060508  0.054667  0.032808  0.078381  0.083554  0.060553  0.054260  0.053502  0.049818  0.048580  0.057033  0.042450  0.043510  0.039121  0.041245  0.047529  0.050875  0.049818  0.036232  0.048767  0.051486  0.038716  0.039452  0.037256  0.054887  0.053603  0.032845  0.030687  0.033859  0.032826  0.031800  0.033859  0.033966  0.032845  0.047529  0.037256  0.036023  0.037026  0.033950  0.034983  0.032924  0.046481  0.049829  0.051486  0.045434  0.045263  0.048598  0.048768  0.036364  0.034369  0.033883  0.041133  0.037534  0.036023  0.033950  0.032924  0.034059  0.033950  0.035345  0.034058  0.031813  0.047910  0.046481  0.039260  0.053220  0.034497  0.066759  0.038560  0.039260  0.173457  0.018176  
S020       0.082023  0.135258  0.130638  0.143352  0.130858  0.146242  0.136664  0.135506  0.143066  0.127882  0.136935  0.129746  0.152257  0.135018  0.135342  0.149766  0.106918  0.122629  0.107518  0.000000  0.134136  0.023240  0.022134  0.122321  0.106960  0.112784  0.125452  0.031506  0.154917  0.108378  0.110118  0.111344  0.143294  0.127642  0.137564  0.140679  0.139341  0.125975  0.140160  0.149409  0.141966  0.138084  0.134481  0.129696  0.136259  0.121733  0.127193  0.104177  0.122939  0.024190  0.062653  0.060259  0.024190  0.131922  0.424358  0.122781  0.120914  0.109066  0.106227  0.057899  0.049294  0.122246  0.089824  0.106591  0.104153  0.105988  0.107180  0.123273  0.099353  0.030452  0.141077  0.091539  0.077845  0.142999  0.063521  0.024148  0.096307  0.105738  0.109968  0.117509  0.083451  0.142378  0.122492  0.017097  0.022136  0.123333  0.122967  0.119008  0.117509  0.125171  0.116423  0.058359  0.054612  0.127179  0.125329  0.123160  0.118340  0.116737  0.124115  0.119233  0.120515  0.114857  0.112326  0.115518  0.119568  0.118340  0.112436  0.122875  0.117509  0.109632  0.108326  0.108630  0.121682  0.120050  0.109968  0.109915  0.110898  0.109632  0.108376  0.110898  0.108434  0.109968  0.115518  0.115518  0.110652  0.112436  0.111171  0.112436  0.109915  0.116843  0.118437  0.117509  0.115568  0.112727  0.116843  0.119722  0.109632  0.115153  0.111231  0.118384  0.115268  0.112436  0.109915  0.111171  0.109632  0.112436  0.112436  0.115206  0.115339  0.118774  0.116843  0.125249  0.120050  0.115568  0.104800  0.113712  0.122043  0.221704  0.108434  
S021       0.077303  0.059268  0.054526  0.058164  0.055790  0.057925  0.055622  0.056886  0.053011  0.057068  0.053060  0.055980  0.029029  0.027435  0.027487  0.027670  0.056302  0.034834  0.056369  0.134136  0.000000  0.133002  0.130365  0.069256  0.115470  0.063439  0.035886  0.124618  0.052762  0.107763  0.106393  0.111689  0.034710  0.032683  0.033786  0.033732  0.037938  0.030585  0.034710  0.052801  0.035803  0.030448  0.027343  0.024220  0.028402  0.032683  0.024401  0.115768  0.021236  0.128633  0.105606  0.105900  0.131194  0.027438  0.380813  0.066945  0.063307  0.052910  0.051815  0.083330  0.099233  0.074280  0.084992  0.052910  0.118947  0.052910  0.053965  0.087481  0.117383  0.129905  0.060928  0.110520  0.124115  0.054281  0.118569  0.126940  0.095591  0.117381  0.056302  0.079572  0.075925  0.046831  0.028469  0.123467  0.127405  0.084735  0.084567  0.080865  0.081979  0.089169  0.066687  0.100417  0.101381  0.082197  0.079069  0.077056  0.080809  0.078254  0.080754  0.074146  0.075316  0.070416  0.072762  0.078314  0.081933  0.080809  0.068372  0.079632  0.074863  0.070840  0.071939  0.071790  0.078571  0.077201  0.069475  0.064642  0.065926  0.067074  0.065926  0.068230  0.070770  0.069475  0.073269  0.066875  0.068372  0.069125  0.068372  0.069528  0.067224  0.072167  0.075845  0.072167  0.076028  0.075845  0.074504  0.074359  0.070840  0.066960  0.070654  0.070781  0.074863  0.073047  0.070693  0.069528  0.070840  0.070693  0.069684  0.070781  0.068304  0.076028  0.074504  0.079416  0.079572  0.066085  0.082064  0.068110  0.079416  0.192636  0.055087  
S022       0.072729  0.127138  0.125774  0.138457  0.122831  0.135171  0.131749  0.130656  0.138136  0.123077  0.128791  0.121744  0.142742  0.130427  0.130741  0.140241  0.102378  0.124669  0.103024  0.023240  0.133002  0.000000  0.006311  0.120106  0.099423  0.108232  0.124355  0.022328  0.150007  0.103947  0.102500  0.106919  0.142312  0.129909  0.140314  0.139725  0.138442  0.128153  0.139154  0.144500  0.141012  0.137157  0.133478  0.128621  0.135307  0.120472  0.122639  0.099773  0.121870  0.016202  0.053851  0.051516  0.016202  0.130946  0.421304  0.120566  0.116217  0.104576  0.101719  0.049229  0.039593  0.114414  0.080346  0.104576  0.099763  0.101490  0.102671  0.118569  0.093744  0.020210  0.136130  0.082897  0.066028  0.134732  0.053429  0.012151  0.083760  0.101339  0.105438  0.109770  0.074130  0.137466  0.121374  0.007289  0.012172  0.115474  0.115115  0.111228  0.109770  0.120504  0.110593  0.049681  0.046000  0.119250  0.117450  0.115299  0.113790  0.112182  0.116253  0.114640  0.115896  0.110267  0.107787  0.110974  0.115006  0.113790  0.107869  0.118308  0.109770  0.102053  0.103820  0.106591  0.113857  0.112258  0.107922  0.105398  0.106325  0.105086  0.103855  0.106325  0.106383  0.107922  0.110974  0.110974  0.106049  0.107869  0.106629  0.105398  0.105398  0.112258  0.113857  0.109770  0.111009  0.108190  0.112258  0.115115  0.105086  0.110593  0.109178  0.110631  0.110679  0.107869  0.105398  0.106629  0.105086  0.107869  0.107869  0.110631  0.110735  0.111009  0.112258  0.120566  0.115474  0.111009  0.097893  0.109118  0.117350  0.202468  0.103899  
S023       0.070856  0.128311  0.123802  0.136179  0.123979  0.132869  0.129708  0.128514  0.135941  0.121062  0.126646  0.122831  0.138763  0.127750  0.128053  0.136384  0.100403  0.122203  0.100936  0.022134  0.130365  0.006311  0.000000  0.117934  0.100313  0.106118  0.121737  0.021129  0.144606  0.104785  0.103374  0.107736  0.139437  0.127285  0.137341  0.136842  0.135507  0.125593  0.136328  0.142075  0.138117  0.134266  0.130692  0.125947  0.132454  0.118057  0.120113  0.100628  0.119244  0.015123  0.052127  0.049818  0.015123  0.128153  0.420654  0.118375  0.114175  0.102435  0.099675  0.047536  0.039319  0.112341  0.078359  0.102435  0.100600  0.099454  0.100626  0.116481  0.091708  0.019142  0.134041  0.082447  0.064194  0.132480  0.052999  0.011184  0.084582  0.102176  0.103359  0.107575  0.072211  0.132480  0.118800  0.006314  0.011165  0.113205  0.112922  0.109016  0.107575  0.118284  0.108434  0.047921  0.044510  0.115650  0.113892  0.111774  0.111520  0.109968  0.112727  0.112436  0.113712  0.108181  0.105664  0.108770  0.112727  0.111520  0.105800  0.115943  0.107575  0.100120  0.101740  0.104476  0.111644  0.110101  0.105881  0.103292  0.104309  0.103051  0.101802  0.104309  0.104394  0.105881  0.108770  0.108770  0.104104  0.105800  0.104542  0.103292  0.103292  0.110101  0.111644  0.107575  0.108833  0.106049  0.110101  0.110376  0.103051  0.108434  0.107156  0.108501  0.108576  0.105800  0.103292  0.104542  0.103051  0.105800  0.105800  0.108501  0.108659  0.111937  0.110101  0.118375  0.113205  0.108833  0.095828  0.107068  0.115271  0.203710  0.101873  
S024       0.074511  0.073851  0.071471  0.075543  0.075386  0.072615  0.070115  0.071379  0.072762  0.074067  0.065095  0.072890  0.082056  0.073948  0.072810  0.083858  0.035734  0.075254  0.039049  0.122321  0.069256  0.120106  0.117934  0.000000  0.113407  0.046923  0.071514  0.112677  0.077455  0.105563  0.107012  0.109535  0.077271  0.067587  0.071206  0.073672  0.075969  0.065254  0.074682  0.067354  0.073407  0.072305  0.068762  0.065095  0.070033  0.070109  0.067964  0.113530  0.061876  0.112727  0.095711  0.095846  0.115268  0.077039  0.390802  0.007258  0.030452  0.035822  0.033683  0.080967  0.091320  0.062216  0.090502  0.033618  0.113393  0.033618  0.034635  0.062423  0.109002  0.117177  0.078040  0.099769  0.113304  0.070094  0.110053  0.116984  0.105286  0.115016  0.035734  0.077238  0.073247  0.066113  0.064013  0.111231  0.114129  0.080056  0.082107  0.078528  0.079542  0.066163  0.048889  0.087974  0.094584  0.078407  0.071680  0.072095  0.068141  0.066822  0.075800  0.060271  0.061392  0.056757  0.056757  0.065728  0.068128  0.067030  0.051326  0.069712  0.069973  0.056401  0.053886  0.053730  0.073582  0.072211  0.050170  0.047866  0.051224  0.050132  0.049048  0.051224  0.051361  0.050170  0.065728  0.054816  0.053518  0.054542  0.051326  0.052418  0.050242  0.064638  0.065950  0.069973  0.063530  0.063340  0.064638  0.067065  0.053899  0.050352  0.051268  0.058957  0.055143  0.053518  0.051326  0.050242  0.051448  0.051326  0.052822  0.050358  0.049080  0.066169  0.064638  0.056947  0.069515  0.049459  0.072418  0.056228  0.056947  0.182175  0.034635  
